27.5250
43.4089
27.4801
72.3443
15.8472
61.8549
44.0494
37.1042
52.2435
59.1822
51.4946
4.7312
20.2087
46.8560
22.5488
53.2856
63.8582
48.8530
20.2087
54.2308
84.3674
77.8264
25.1563
52.1761
45.5940
78.6743
30.6134
43.3456
43.4089
54.2308
22.6464
31.9248
36.3384
43.4430
59.3637
49.8439
54.4459
72.3443
22.2237
54.4459
31.7985
53.2856
27.4801
54.4459
27.5250
52.1761
55.8317
13.2667
31.2023
31.9248
22.6464
48.8530
91.9818
31.9248
54.1112
44.0494
66.9030
52.2435
54.2715
65.5393
46.8560
74.1160
52.1761
51.5735
50.5133
41.1536
52.2435
32.2409
41.9153
54.2715
72.3443
48.0777
88.1339
88.1339
49.8439
50.5133
28.9593
52.2435
22.2237
30.6134
36.7373
46.8560
55.6571
43.4430
54.2715
51.4946
51.5735
39.9227
15.8472
50.4038
34.7385
22.6464
53.2856
54.2715
54.1112
36.7373
13.2667
56.4430
54.2308
40.9471
31.2023
74.1160
54.4459
52.2435
71.3635
71.4031
78.6743
41.1536
59.1822
53.2856
39.9227
54.2715
88.1339
74.1160
51.5735
59.3637
34.7385
-9.1472
27.5250
43.3971
46.8560
59.3637
54.7986
88.1339
60.0094
51.5735
36.3384
36.3384
20.2087
79.7663
31.9248
71.4031
54.7986
43.4430
-9.1472
36.7373
32.2409
71.3635
22.5488
22.2237
15.8472
22.5488
51.4946
59.3637
52.7386
22.5488
84.3674
74.1160
22.2237
51.5735
55.6571
54.7986
59.1822
44.2600
27.4801
77.8264
43.6577
43.6577
44.0494
84.3674
32.2409
53.2856
34.7385
72.3443
59.1822
27.5250
36.7373
39.9227
84.3674
66.9030
43.3971
54.2308
4.7312
54.1112
22.5488
79.7663
61.8549
43.4430
40.9471
52.1761
15.8472
71.3635
27.4801
52.1860
91.9818
71.3635
88.1339
54.7986
27.4801
22.5488
52.7386
75.4434
-9.1472
60.0094
20.2087
32.2409
56.4430
78.6743
43.3971
79.2056
